0 0.01 3216.00 1072.00 17436.00 74.00 555.00 -37.00 

1 0.01 3068.00 908.00 16936.00 61.00 316.00 -9.00 

2 0.01 2680.00 848.00 16672.00 51.00 395.00 -42.00 

3 0.01 2784.00 868.00 16688.00 61.00 366.00 -14.00 

4 0.01 2932.00 856.00 16712.00 62.00 401.00 -15.00 

5 0.01 2812.00 908.00 16704.00 57.00 400.00 -34.00 

6 0.01 2936.00 848.00 16744.00 56.00 400.00 -33.00 

7 0.01 2796.00 1072.00 16544.00 61.00 533.00 -50.00 

8 0.01 2868.00 1024.00 16804.00 52.00 447.00 -19.00 

9 0.01 156.00 7492.00 12968.00 168.00 4836.00 -8636.00 

10 0.01 3812.00 1872.00 17084.00 -2908.00 1468.00 -1456.00 

11 0.01 3000.00 -1640.00 18440.00 -17871.00 421.00 8043.00 

12 0.01 2716.00 -2132.00 16284.00 -26154.00 237.00 4705.00 

13 0.01 3088.00 -6272.00 15248.00 -14939.00 2694.00 7108.00 

14 0.01 1712.00 -9676.00 14080.00 -14609.00 6018.00 197.00 

15 0.01 752.00 -9748.00 12412.00 -14686.00 3810.00 44.00 

16 0.01 2184.00 -10908.00 10912.00 -13024.00 -233.00 -1825.00 

17 0.01 1168.00 -15420.00 10408.00 723.00 1937.00 -261.00 

18 0.01 316.00 -10768.00 8856.00 -670.00 646.00 -1327.00 

19 0.01 640.00 -14080.00 11900.00 6186.00 -890.00 -341.00 

20 0.01 484.00 -10760.00 12364.00 29538.00 12112.00 -1619.00 

21 0.01 -604.00 -7812.00 14912.00 22951.00 2073.00 1741.00 

22 0.01 -836.00 -5836.00 18236.00 32478.00 -2456.00 2407.00 

23 0.01 -436.00 312.00 18064.00 24814.00 -2830.00 2212.00 

24 0.01 980.00 4060.00 16348.00 23821.00 1461.00 1507.00 

25 0.01 -1464.00 7860.00 15952.00 30024.00 8265.00 1016.00 

26 0.01 -1512.00 9708.00 12680.00 19007.00 7521.00 428.00 

27 0.01 -2344.00 12916.00 11764.00 13372.00 6505.00 -690.00 

28 0.01 -2068.00 14040.00 9480.00 6825.00 7651.00 -2693.00 

29 0.01 -3040.00 14192.00 8436.00 2313.00 7828.00 -3556.00 

30 0.01 -3808.00 14276.00 7868.00 -5380.00 5306.00 -5369.00 

31 0.01 -5180.00 12964.00 9156.00 -9234.00 3250.00 -5104.00 

32 0.01 -7008.00 11860.00 10352.00 -9700.00 5029.00 -5853.00 

33 0.01 -7564.00 10788.00 10632.00 -9756.00 9509.00 -6564.00 

34 0.01 -8556.00 9648.00 10672.00 -9553.00 11344.00 -7286.00 

35 0.01 -10984.00 5772.00 7644.00 -7286.00 23062.00 -9884.00 

36 0.01 -12416.00 5200.00 7484.00 -591.00 19153.00 -8493.00 

37 0.01 -15004.00 4224.00 5940.00 -612.00 19354.00 -8474.00 

38 0.01 -15908.00 2268.00 3156.00 -2990.00 22518.00 -6025.00 

39 0.01 -15272.00 2864.00 -812.00 -1155.00 20596.00 -5392.00 

40 0.01 -11728.00 2128.00 -5220.00 790.00 22569.00 -3262.00 

41 0.01 -11364.00 -2148.00 -6796.00 116.00 22462.00 -4346.00 

42 0.01 -12020.00 -552.00 -12056.00 1670.00 20281.00 -919.00 

43 0.01 -10092.00 1164.00 -14824.00 -69.00 15833.00 -1687.00 

44 0.01 -6352.00 -392.00 -13548.00 1059.00 16112.00 -74.00 

45 0.01 -5096.00 -700.00 -14884.00 44.00 15226.00 -400.00 

46 0.01 -4184.00 556.00 -17108.00 -209.00 14356.00 1030.00 

47 0.01 -2540.00 -1116.00 -17904.00 -2016.00 8100.00 -39.00 

48 0.01 -952.00 132.00 -20272.00 1414.00 -3509.00 1203.00 

49 0.01 -804.00 12.00 -16568.00 -1214.00 -11579.00 401.00 

50 0.01 -3604.00 616.00 -15812.00 -3164.00 -18848.00 -1753.00 

51 0.01 -7944.00 316.00 -13580.00 -4432.00 -14057.00 -3846.00 

52 0.01 -9856.00 292.00 -12128.00 -2833.00 -20078.00 -1876.00 

53 0.01 -11804.00 552.00 -9332.00 -2022.00 -17768.00 175.00 

54 0.01 -13124.00 924.00 -7268.00 -879.00 -15015.00 756.00 

55 0.01 -15136.00 864.00 -5032.00 -1934.00 -15226.00 -913.00 

56 0.01 -14676.00 836.00 -2432.00 -2920.00 -20765.00 -1763.00 

57 0.01 -12928.00 1252.00 -320.00 -959.00 -20787.00 -2208.00 

58 0.01 -19032.00 2312.00 5760.00 -2671.00 -31998.00 -1723.00 

59 0.01 -17068.00 212.00 7816.00 77.00 -22318.00 498.00 

60 0.01 -15008.00 568.00 11500.00 -3476.00 -25918.00 -1163.00 

61 0.01 -11944.00 356.00 12768.00 -6690.00 -23208.00 -4624.00 

62 0.01 -9316.00 -1704.00 15212.00 -1038.00 -20793.00 -4316.00 

63 0.01 -4124.00 -4736.00 16864.00 407.00 -12582.00 -3443.00 

64 0.01 -3932.00 -1280.00 18384.00 -1045.00 400.00 2571.00 

65 0.01 -5776.00 -4008.00 15448.00 104.00 -10652.00 3427.00 

66 0.01 -4044.00 864.00 16584.00 -1.00 4556.00 2641.00 

67 0.01 -3612.00 -2620.00 18336.00 12257.00 6982.00 6978.00 

68 0.01 -6620.00 -1304.00 16664.00 -4058.00 186.00 -350.00 

69 0.01 -3548.00 -1656.00 16524.00 236.00 -5399.00 -3708.00 

70 0.01 -928.00 -4288.00 13732.00 8986.00 -8025.00 711.00 

71 0.01 1192.00 -64.00 16600.00 1071.00 -12186.00 -1873.00 

72 0.01 2588.00 320.00 17300.00 3766.00 -15901.00 -3853.00 

73 0.01 5540.00 652.00 16600.00 2049.00 -16279.00 -2440.00 

74 0.01 6952.00 756.00 15368.00 3568.00 -3098.00 173.00 

75 0.01 7384.00 1156.00 14180.00 13593.00 3308.00 -387.00 

76 0.01 5008.00 3288.00 16296.00 14659.00 4682.00 881.00 

77 0.01 5808.00 4488.00 16116.00 13758.00 5300.00 -241.00 

78 0.01 5228.00 7336.00 14564.00 5340.00 3565.00 -734.00 

79 0.01 3904.00 8508.00 13120.00 10261.00 260.00 -4819.00 

80 0.01 4136.00 9312.00 12288.00 11876.00 1340.00 -6476.00 

81 0.01 2956.00 11664.00 11040.00 13415.00 2707.00 -4022.00 

82 0.01 2972.00 12964.00 9656.00 16205.00 1974.00 -3322.00 

83 0.01 2796.00 14980.00 8820.00 6391.00 2006.00 186.00 

84 0.01 2332.00 14324.00 7024.00 10322.00 1268.00 -1364.00 

85 0.01 2220.00 15008.00 6412.00 3759.00 1472.00 -321.00 

86 0.01 1864.00 15292.00 6328.00 922.00 261.00 488.00 

87 0.01 2172.00 15756.00 5524.00 1091.00 282.00 280.00 

88 0.01 2128.00 15248.00 5424.00 -5513.00 877.00 662.00 

89 0.01 2200.00 14552.00 6192.00 -13491.00 1202.00 -1048.00 

90 0.01 2164.00 13092.00 10644.00 -21153.00 849.00 -1593.00 

91 0.01 1364.00 11236.00 12052.00 -19526.00 1101.00 -1302.00 

92 0.01 1080.00 8572.00 14288.00 -30292.00 4144.00 -1631.00 

93 0.01 816.00 4432.00 16252.00 -18638.00 1731.00 -2143.00 

94 0.01 620.00 1204.00 17180.00 -26282.00 1561.00 -1210.00 

95 0.01 600.00 -2304.00 17056.00 -19450.00 -263.00 -513.00 

96 0.01 488.00 -5720.00 16476.00 -20134.00 -405.00 316.00 

97 0.01 636.00 -8372.00 15736.00 -17276.00 -660.00 243.00 

98 0.01 836.00 -10404.00 13612.00 -14880.00 -662.00 183.00 

99 0.01 828.00 -12216.00 11928.00 -10893.00 -436.00 383.00 

100 0.01 1056.00 -13104.00 11052.00 -10833.00 -91.00 -619.00 

101 0.01 1320.00 -14384.00 9800.00 -9164.00 -379.00 502.00 

102 0.01 1044.00 -14604.00 8284.00 -9403.00 -162.00 1882.00 

103 0.01 656.00 -15168.00 6876.00 -8405.00 106.00 2272.00 

104 0.01 224.00 -16160.00 5564.00 -8884.00 127.00 2084.00 

105 0.01 28.00 -15916.00 4264.00 -1326.00 35.00 196.00 

106 0.01 312.00 -14816.00 4520.00 5993.00 694.00 -554.00 

107 0.01 376.00 -15448.00 6796.00 7311.00 186.00 -1551.00 

108 0.01 796.00 -15124.00 8432.00 11023.00 147.00 -1760.00 

109 0.01 944.00 -14580.00 9932.00 11547.00 -2206.00 -3109.00 

110 0.01 2396.00 -12904.00 11796.00 11009.00 -7247.00 -4668.00 

111 0.01 3816.00 -10420.00 12164.00 16639.00 -5486.00 -5710.00 

112 0.01 4724.00 -8592.00 13128.00 12204.00 -6693.00 -2607.00 

113 0.01 6200.00 -6888.00 14896.00 10002.00 -5305.00 -810.00 

114 0.01 6788.00 -5760.00 14600.00 6103.00 -3595.00 -283.00 

115 0.01 7064.00 -4892.00 13900.00 4875.00 -2974.00 -1572.00 

116 0.01 6916.00 -4352.00 13688.00 4122.00 -2666.00 -2017.00 

117 0.01 7912.00 -3348.00 14680.00 2359.00 -1975.00 -905.00 

118 0.01 7872.00 -3888.00 14556.00 2720.00 1151.00 256.00 

119 0.01 7752.00 -3376.00 15640.00 5592.00 8225.00 -2452.00 

120 0.01 5996.00 -1472.00 15208.00 2680.00 9041.00 919.00 

121 0.01 4784.00 -1724.00 15648.00 -4449.00 7685.00 3605.00 

122 0.01 4228.00 -3276.00 16860.00 -3635.00 9448.00 2640.00 

123 0.01 2512.00 -3172.00 15248.00 -484.00 9469.00 1135.00 

124 0.01 352.00 -4152.00 17400.00 -2709.00 8785.00 1509.00 

125 0.01 -872.00 -4292.00 21776.00 885.00 8253.00 2905.00 

126 0.01 -1688.00 -3000.00 16168.00 833.00 8345.00 2576.00 

127 0.01 -2784.00 -2708.00 15872.00 -1733.00 8718.00 2227.00 

128 0.01 -4320.00 -3440.00 14480.00 -1306.00 9040.00 2385.00 

129 0.01 -5200.00 -3620.00 12520.00 -812.00 8040.00 1797.00 

130 0.01 -6484.00 -3756.00 13756.00 -805.00 5661.00 1173.00 

131 0.01 -7364.00 -3980.00 15380.00 -318.00 4496.00 1307.00 

132 0.01 -8220.00 -4432.00 16124.00 -3485.00 4637.00 -120.00 

133 0.01 -8460.00 -4376.00 13160.00 -2082.00 1761.00 -501.00 

134 0.01 -8644.00 -4624.00 12280.00 -2589.00 2053.00 -950.00 

135 0.01 -8820.00 -5776.00 12976.00 1304.00 2093.00 -319.00 

136 0.01 -8600.00 -5724.00 14964.00 -3259.00 2724.00 -336.00 

137 0.01 -9520.00 -6060.00 13080.00 -3111.00 4194.00 823.00 

138 0.01 -9648.00 -6120.00 12880.00 -7471.00 5557.00 814.00 

139 0.01 -10044.00 -6032.00 11220.00 -5333.00 6117.00 2074.00 

140 0.01 -10552.00 -7088.00 11044.00 -5426.00 2373.00 2397.00 

141 0.01 -17496.00 -6096.00 11300.00 -5514.00 1960.00 3515.00 

142 0.01 -11792.00 -6964.00 9400.00 -5997.00 5393.00 3237.00 

143 0.01 -12640.00 -7076.00 6644.00 -8273.00 7005.00 3192.00 

144 0.01 -12960.00 -7380.00 5672.00 -5907.00 5077.00 2569.00 

145 0.01 -13160.00 -7128.00 4088.00 -5555.00 6170.00 2073.00 

146 0.01 -12912.00 -6716.00 3024.00 -3818.00 6472.00 1544.00 

147 0.01 -14624.00 -6488.00 2688.00 5059.00 5634.00 2744.00 

148 0.01 -14828.00 -5484.00 1936.00 5441.00 15498.00 4433.00 

149 0.01 -14820.00 -6532.00 -480.00 2802.00 5807.00 509.00 

150 0.01 -14928.00 -6084.00 -1680.00 4788.00 1346.00 1724.00 

151 0.01 -14936.00 -5344.00 352.00 4685.00 -2029.00 1355.00 

152 0.01 -14984.00 -5356.00 784.00 4072.00 -3220.00 1546.00 

153 0.01 -14448.00 -4260.00 1924.00 3167.00 -2899.00 2026.00 

154 0.01 -15196.00 -4392.00 2584.00 3480.00 -2678.00 2484.00 

155 0.01 -14824.00 -3940.00 3060.00 5808.00 -4603.00 2209.00 

156 0.01 -14628.00 -2844.00 4388.00 6932.00 -9874.00 3244.00 

157 0.01 -14848.00 -2360.00 7824.00 6158.00 -17102.00 1311.00 

158 0.01 -12756.00 -2876.00 12176.00 6820.00 -27736.00 -1842.00 

159 0.01 -11068.00 -1380.00 14552.00 8277.00 -16070.00 -744.00 

160 0.01 -8132.00 -696.00 15636.00 6070.00 -14235.00 -1194.00 

161 0.01 -6464.00 348.00 16128.00 5992.00 -9299.00 -2903.00 

162 0.01 -5360.00 884.00 17104.00 9008.00 -15302.00 -1882.00 

163 0.01 -3728.00 3968.00 15672.00 13877.00 -10234.00 -730.00 

164 0.01 -1808.00 4528.00 16648.00 20650.00 -11846.00 1296.00 

165 0.01 588.00 8804.00 14356.00 21039.00 -6441.00 703.00 

166 0.01 940.00 10452.00 12896.00 22630.00 -3191.00 -33.00 

167 0.01 516.00 12648.00 9700.00 18931.00 -773.00 -852.00 

168 0.01 44.00 14332.00 7700.00 18625.00 2050.00 2180.00 

169 0.01 524.00 15084.00 3240.00 14327.00 944.00 208.00 

170 0.01 268.00 16696.00 3828.00 12477.00 -270.00 345.00 

171 0.01 2140.00 16004.00 152.00 14170.00 -13.00 1768.00 

172 0.01 1412.00 16328.00 -964.00 15011.00 -1338.00 2857.00 

173 0.01 1128.00 15076.00 -2532.00 7571.00 -299.00 2430.00 

174 0.01 1512.00 14732.00 -4776.00 8121.00 1513.00 322.00 

175 0.01 2408.00 14440.00 -6388.00 4661.00 2382.00 351.00 

176 0.01 2144.00 14908.00 -6628.00 8639.00 2275.00 1175.00 

177 0.01 2704.00 14080.00 -9000.00 8058.00 1217.00 1599.00 

178 0.01 2932.00 13204.00 -10392.00 11184.00 692.00 3061.00 

179 0.01 3256.00 10596.00 -11708.00 12836.00 -268.00 2742.00 

180 0.01 3108.00 9716.00 -12536.00 11971.00 -977.00 2763.00 

181 0.01 3348.00 7860.00 -13368.00 10499.00 -909.00 1783.00 

182 0.01 3408.00 7204.00 -14216.00 5683.00 -110.00 2757.00 

183 0.01 3600.00 5952.00 -14672.00 6111.00 385.00 1994.00 

184 0.01 3528.00 4836.00 -15052.00 6563.00 413.00 1752.00 

185 0.01 3908.00 4136.00 -15152.00 4936.00 913.00 1254.00 

186 0.01 3980.00 3060.00 -15688.00 2178.00 638.00 659.00 

187 0.01 3940.00 4048.00 -15004.00 -2491.00 513.00 520.00 

188 0.01 3828.00 4248.00 -15248.00 -8540.00 820.00 -137.00 

189 0.01 3620.00 5232.00 -15768.00 -10590.00 974.00 -6019.00 

190 0.01 5704.00 6976.00 -11840.00 8422.00 20484.00 92.00 

191 0.01 32767.00 3588.00 -32564.00 -6147.00 -24430.00 403.00 

192 0.01 3068.00 11400.00 -11344.00 -15444.00 1449.00 -5538.00 

193 0.01 3260.00 12288.00 -12416.00 -8753.00 -2029.00 -1123.00 

194 0.01 1264.00 15604.00 -6020.00 -28818.00 -5844.00 -3795.00 

195 0.01 696.00 16628.00 -2888.00 -28765.00 -2515.00 -4857.00 

196 0.01 -592.00 15452.00 3252.00 -32768.00 -696.00 -291.00 

197 0.01 -1468.00 11796.00 7540.00 -32768.00 4206.00 -5634.00 

198 0.01 -1680.00 8892.00 11496.00 -32346.00 2891.00 -7706.00 

199 0.01 -2836.00 6044.00 17524.00 -32768.00 -4530.00 -6344.00 

200 0.01 -1468.00 260.00 16952.00 -31970.00 -7466.00 -1163.00 

201 0.01 -52.00 -4844.00 16148.00 -25628.00 -7540.00 -4658.00 

202 0.01 7332.00 -7932.00 13408.00 -16145.00 -11281.00 -11659.00 

203 0.01 4668.00 -10688.00 14856.00 -11123.00 -4275.00 -3569.00 

204 0.01 2056.00 -12540.00 13188.00 -6566.00 -14275.00 -2814.00 

205 0.01 3580.00 -12176.00 10432.00 -16711.00 -1013.00 3353.00 

206 0.01 1284.00 -14104.00 9800.00 -22624.00 1882.00 1419.00 

207 0.01 5500.00 -18356.00 -724.00 -17356.00 6707.00 -10439.00 

208 0.01 2316.00 -16068.00 2024.00 -13369.00 631.00 1135.00 

209 0.01 1796.00 -16740.00 1784.00 -5942.00 -154.00 -460.00 

210 0.01 2200.00 -16984.00 1156.00 -3530.00 -601.00 -1273.00 

211 0.01 2792.00 -16400.00 -156.00 -5588.00 -973.00 -995.00 

212 0.01 3344.00 -15456.00 -840.00 -5266.00 28.00 -824.00 

213 0.01 3384.00 -16448.00 -1128.00 -2040.00 89.00 -797.00 

214 0.01 3528.00 -15160.00 -1716.00 442.00 893.00 1105.00 

215 0.01 2980.00 -19552.00 -4216.00 3825.00 3701.00 -6175.00 

216 0.01 3564.00 -16492.00 -1400.00 273.00 1058.00 2701.00 

217 0.01 3644.00 -16724.00 -1680.00 152.00 1871.00 799.00 

218 0.01 2884.00 -16316.00 -1432.00 -736.00 1039.00 2055.00 

219 0.01 2556.00 -16248.00 -1032.00 -20.00 1526.00 876.00 

220 0.01 2728.00 -16400.00 -988.00 97.00 1839.00 92.00 

221 0.01 2812.00 -16628.00 -2004.00 343.00 1632.00 1190.00 

222 0.01 2720.00 -16072.00 -1944.00 -186.00 314.00 -60.00 

223 0.01 2444.00 -16712.00 -1648.00 1971.00 282.00 338.00 

224 0.01 2124.00 -16056.00 -704.00 4141.00 1069.00 707.00 

225 0.01 1736.00 -15952.00 16.00 6795.00 903.00 148.00 

226 0.01 2024.00 -15980.00 844.00 8783.00 1359.00 1286.00 

227 0.01 2572.00 -17220.00 3432.00 22371.00 7279.00 489.00 

228 0.01 1112.00 -16172.00 5264.00 22955.00 3924.00 1728.00 

229 0.01 600.00 -14160.00 10320.00 19893.00 1722.00 2220.00 

230 0.01 808.00 -9908.00 12444.00 25179.00 2476.00 3389.00 

231 0.01 556.00 -8260.00 13644.00 15629.00 1932.00 2179.00 

232 0.01 -1520.00 -6896.00 18384.00 17743.00 -128.00 205.00 

233 0.01 -1156.00 -3312.00 17208.00 21818.00 3721.00 -1792.00 

234 0.01 -1256.00 388.00 16980.00 14245.00 4355.00 -526.00 

235 0.01 -2248.00 2168.00 18384.00 15781.00 7585.00 -859.00 

236 0.01 -3556.00 4404.00 15700.00 12563.00 7089.00 1388.00 

237 0.01 -4648.00 5800.00 15936.00 4525.00 6600.00 -313.00 

238 0.01 -4620.00 5076.00 15500.00 -1395.00 4269.00 -1708.00 

239 0.01 15664.00 11852.00 13760.00 -7708.00 -14967.00 32767.00 

240 0.01 -1228.00 592.00 11172.00 -8614.00 -7765.00 -524.00 

241 0.01 4.00 2312.00 14452.00 -17711.00 -5360.00 -2502.00 

242 0.01 2704.00 -3708.00 16088.00 14750.00 -32768.00 28741.00 

243 0.01 1572.00 3136.00 12792.00 10068.00 -945.00 -2020.00 

244 0.01 -2748.00 4016.00 15048.00 19577.00 5203.00 8397.00 

245 0.01 -3376.00 8492.00 14736.00 28494.00 6914.00 5503.00 

246 0.01 -3072.00 12376.00 8960.00 28293.00 7217.00 6486.00 

247 0.01 -2680.00 13940.00 4880.00 31420.00 3773.00 9221.00 

248 0.01 -1728.00 15764.00 348.00 17833.00 1805.00 7677.00 

249 0.01 -380.00 15468.00 -1560.00 14752.00 279.00 7120.00 

250 0.01 64.00 16368.00 -3108.00 14048.00 -913.00 5128.00 

251 0.01 1036.00 17312.00 -5220.00 3297.00 -1219.00 4658.00 

252 0.01 1356.00 16948.00 -3680.00 -16257.00 -2146.00 -170.00 

253 0.01 992.00 15308.00 -1260.00 -11685.00 -906.00 557.00 

254 0.01 944.00 17876.00 -2288.00 -9551.00 -83.00 -655.00 

255 0.01 696.00 16896.00 2388.00 -19880.00 -56.00 -2265.00 

256 0.01 624.00 14192.00 6104.00 -21385.00 764.00 -3088.00 

257 0.01 -664.00 12516.00 9212.00 -18281.00 1463.00 -3636.00 

258 0.01 -644.00 12660.00 11612.00 -23885.00 1298.00 -3471.00 

259 0.01 -1460.00 9004.00 14608.00 -25338.00 779.00 -2550.00 

260 0.01 -1436.00 5928.00 16200.00 -25104.00 280.00 -3014.00 

261 0.01 -1684.00 1436.00 16280.00 -20995.00 -161.00 -2760.00 

262 0.01 -1284.00 -1828.00 17260.00 -19421.00 -731.00 -2860.00 

263 0.01 -872.00 -4608.00 16496.00 -21751.00 -967.00 -2695.00 

264 0.01 -692.00 -8556.00 15572.00 -25166.00 -1131.00 -5231.00 

265 0.01 -80.00 -11396.00 12504.00 -22685.00 -535.00 -4900.00 

266 0.01 576.00 -14636.00 9160.00 -16231.00 -531.00 -3391.00 

267 0.01 1180.00 -15004.00 7272.00 -11419.00 -1510.00 -1578.00 

268 0.01 1424.00 -15100.00 5856.00 -11250.00 -572.00 -3617.00 

269 0.01 2320.00 -15732.00 5000.00 -7081.00 255.00 -3725.00 

270 0.01 3052.00 -14944.00 3128.00 2849.00 1287.00 -211.00 

271 0.01 2564.00 -16244.00 6484.00 21380.00 3444.00 3219.00 

272 0.01 1752.00 -14208.00 9652.00 23906.00 3203.00 3087.00 

273 0.01 380.00 -11472.00 13972.00 21332.00 1833.00 4968.00 

274 0.01 -60.00 -8420.00 15224.00 32767.00 4200.00 3840.00 

275 0.01 -268.00 -2476.00 15756.00 23425.00 2943.00 2356.00 

276 0.01 -1332.00 1264.00 16212.00 21374.00 4147.00 1032.00 

277 0.01 -1968.00 4224.00 17360.00 21604.00 4165.00 382.00 

278 0.01 -1900.00 7736.00 14016.00 17774.00 4325.00 1890.00 

279 0.01 -2236.00 9252.00 12776.00 21430.00 3844.00 2078.00 

280 0.01 -2392.00 12224.00 10992.00 19682.00 2883.00 1912.00 

281 0.01 -2640.00 14396.00 8928.00 20711.00 2787.00 2650.00 

282 0.01 -1828.00 15396.00 4624.00 10983.00 1465.00 3989.00 

283 0.01 -2016.00 15132.00 4648.00 11861.00 897.00 3056.00 

284 0.01 -1388.00 15256.00 2588.00 13483.00 1136.00 2605.00 

285 0.01 -656.00 16440.00 832.00 8912.00 376.00 2243.00 

286 0.01 -688.00 15592.00 -436.00 7986.00 773.00 1035.00 

287 0.01 -128.00 15688.00 -1232.00 4406.00 1162.00 553.00 

288 0.01 100.00 16212.00 -2300.00 -11847.00 87.00 -784.00 

289 0.01 -544.00 16508.00 2092.00 -25201.00 -1137.00 -3216.00 

290 0.01 -1124.00 14788.00 6784.00 -29143.00 -1077.00 -4935.00 

291 0.01 -1860.00 12544.00 10816.00 -31832.00 -1410.00 -4774.00 

292 0.01 -2008.00 9904.00 13636.00 -29404.00 -1495.00 -3461.00 

293 0.01 -1920.00 5072.00 16912.00 -17111.00 -428.00 -4414.00 

294 0.01 -1656.00 1720.00 17376.00 -11703.00 1614.00 -110.00 

295 0.01 -1704.00 1300.00 14632.00 -6242.00 5512.00 769.00 

296 0.01 -4196.00 1092.00 16800.00 450.00 10428.00 2165.00 

297 0.01 -5268.00 1024.00 14740.00 658.00 12404.00 -353.00 

298 0.01 -7328.00 976.00 14920.00 -2131.00 11667.00 735.00 

299 0.01 -8000.00 1628.00 14684.00 484.00 9182.00 1964.00 

300 0.01 -8980.00 2552.00 14728.00 -257.00 7446.00 725.00 

301 0.01 -10764.00 2304.00 12564.00 -380.00 7938.00 -320.00 

302 0.01 -10804.00 1048.00 12236.00 -578.00 6345.00 1313.00 

303 0.01 -11596.00 1848.00 11180.00 -2805.00 4688.00 838.00 

304 0.01 -12164.00 1820.00 11104.00 -935.00 3293.00 -856.00 

305 0.01 -12568.00 1704.00 10460.00 1330.00 -496.00 -179.00 

306 0.01 -11888.00 1336.00 10604.00 3131.00 -4032.00 251.00 

307 0.01 -11532.00 1848.00 13144.00 3744.00 -2613.00 -2322.00 

308 0.01 -10796.00 1604.00 12064.00 4315.00 -5252.00 -1647.00 

309 0.01 -9080.00 2252.00 12516.00 3761.00 -7849.00 1620.00 

310 0.01 -7928.00 4412.00 16152.00 -857.00 -9600.00 -1201.00 

311 0.01 -7436.00 3812.00 15232.00 737.00 -7855.00 -2547.00 

312 0.01 -6860.00 2824.00 15148.00 -2808.00 -8138.00 -2567.00 

313 0.01 -5376.00 1852.00 15796.00 -1885.00 -8150.00 -3065.00 

314 0.01 -3820.00 1488.00 17392.00 -3251.00 -7041.00 -1556.00 

315 0.01 -2436.00 960.00 16260.00 -313.00 -4086.00 -2034.00 

316 0.01 -2076.00 984.00 16856.00 -251.00 -3864.00 -465.00 

317 0.01 -2056.00 340.00 17728.00 235.00 -3583.00 -661.00 

318 0.01 -824.00 1024.00 17324.00 -162.00 -3414.00 -817.00 

319 0.01 -100.00 744.00 17316.00 -2123.00 -3178.00 574.00 

320 0.01 -92.00 528.00 17968.00 -938.00 -3441.00 1410.00 

321 0.01 456.00 1076.00 17572.00 -1182.00 -3571.00 -1628.00 

322 0.01 1496.00 412.00 16180.00 1037.00 -4380.00 -582.00 

323 0.01 2240.00 736.00 17368.00 3317.00 -1690.00 -1009.00 

324 0.01 2256.00 744.00 17600.00 -1566.00 -999.00 384.00 

325 0.01 2512.00 2436.00 17340.00 -2507.00 25.00 753.00 

326 0.01 2476.00 1096.00 15172.00 -814.00 1532.00 1193.00 

327 0.01 1936.00 -24.00 15180.00 1488.00 1963.00 2368.00 

328 0.01 1568.00 984.00 17156.00 -607.00 1575.00 1281.00 

329 0.01 1564.00 996.00 16292.00 3202.00 1895.00 268.00 

330 0.01 360.00 1756.00 18228.00 10041.00 2541.00 -571.00 

331 0.01 1268.00 5308.00 16228.00 23000.00 2306.00 -1514.00 

332 0.01 1084.00 7352.00 15820.00 14064.00 2989.00 -36.00 

333 0.01 452.00 8908.00 11384.00 20922.00 3821.00 -663.00 

334 0.01 -776.00 12776.00 14400.00 16359.00 3262.00 -334.00 

335 0.01 -528.00 13464.00 10196.00 13235.00 3867.00 -1104.00 

336 0.01 -288.00 14084.00 7364.00 7723.00 3122.00 -581.00 

337 0.01 -996.00 14960.00 8008.00 12365.00 3276.00 2740.00 

338 0.01 -568.00 15416.00 5852.00 4745.00 3133.00 287.00 

339 0.01 -640.00 15408.00 5164.00 1476.00 2371.00 -805.00 

340 0.01 -860.00 15612.00 5628.00 -5968.00 1654.00 -299.00 

341 0.01 -968.00 15320.00 6532.00 -25466.00 874.00 -3620.00 

342 0.01 -1772.00 12532.00 10304.00 -27617.00 -534.00 -3419.00 

343 0.01 -1836.00 8632.00 13872.00 -27050.00 -1653.00 -3636.00 

344 0.01 -2072.00 5632.00 16300.00 -20067.00 -1623.00 -2439.00 

345 0.01 -1220.00 2388.00 16912.00 -21120.00 -1577.00 -3653.00 

346 0.01 -1720.00 -1000.00 16672.00 -17730.00 -906.00 -2272.00 

347 0.01 -432.00 -3236.00 15336.00 -16391.00 -802.00 -2855.00 

348 0.01 -884.00 -5528.00 15628.00 3953.00 -428.00 1076.00 

349 0.01 -908.00 -3848.00 16080.00 15740.00 -1071.00 2929.00 

350 0.01 -1848.00 -1492.00 17792.00 9556.00 -4751.00 1277.00 

351 0.01 1488.00 288.00 16776.00 1597.00 -3671.00 1321.00 

352 0.01 23336.00 10600.00 5664.00 -15717.00 800.00 6057.00 

353 0.01 12320.00 2004.00 10160.00 22677.00 20000.00 2301.00 

354 0.01 5308.00 216.00 17244.00 7892.00 640.00 2810.00 

355 0.01 2384.00 1748.00 17336.00 -3511.00 774.00 -1005.00 

356 0.01 2736.00 2876.00 16220.00 378.00 1586.00 91.00 

357 0.01 2776.00 1620.00 16580.00 142.00 1313.00 -129.00 

358 0.01 2988.00 2036.00 16540.00 -707.00 295.00 -172.00 

359 0.01 2900.00 1588.00 16208.00 -609.00 896.00 -468.00 

360 0.01 2988.00 1956.00 16576.00 -139.00 536.00 9.00 

361 0.01 3332.00 1968.00 16248.00 -51.00 -255.00 105.00 

362 0.01 3148.00 1940.00 16472.00 366.00 -351.00 211.00 

363 0.01 3112.00 1804.00 16644.00 -189.00 -105.00 67.00 

364 0.01 2872.00 1824.00 16736.00 772.00 1202.00 132.00 

365 0.01 3080.00 1664.00 16988.00 -845.00 -117.00 -327.00 

366 0.01 3112.00 1844.00 16604.00 -807.00 -90.00 -185.00 

367 0.01 2856.00 1788.00 16648.00 700.00 764.00 156.00 

368 0.01 3056.00 1656.00 16764.00 -80.00 480.00 -20.00 

369 0.01 2956.00 1788.00 16560.00 -26.00 -103.00 -4.00 

370 0.01 2680.00 1260.00 16712.00 -449.00 364.00 -158.00 

371 0.01 2972.00 1540.00 16652.00 -664.00 186.00 -210.00 

372 0.01 3188.00 1632.00 16540.00 -134.00 507.00 -58.00 

373 0.01 3152.00 1460.00 16612.00 191.00 482.00 75.00 

374 0.01 2560.00 1576.00 16656.00 378.00 -289.00 229.00 

375 0.01 2852.00 1428.00 16828.00 -190.00 18.00 -35.00 

376 0.01 3000.00 1480.00 16684.00 -343.00 284.00 -101.00 

377 0.01 2660.00 304.00 16164.00 -593.00 851.00 -828.00 

378 0.01 2824.00 1612.00 16544.00 -331.00 855.00 -124.00 

379 0.01 3132.00 1496.00 16616.00 243.00 700.00 37.00 

380 0.01 3168.00 1300.00 16704.00 -58.00 503.00 -29.00 

381 0.01 3224.00 1420.00 16480.00 32.00 -280.00 19.00 

382 0.01 3164.00 1444.00 16816.00 -14.00 124.00 50.00 

383 0.01 3120.00 1432.00 16548.00 -132.00 229.00 -28.00 

384 0.01 3084.00 1044.00 16544.00 -66.00 536.00 -186.00 

385 0.01 3072.00 1420.00 16672.00 -191.00 806.00 -113.00 

386 0.01 8440.00 244.00 14076.00 887.00 6335.00 1315.00 

387 0.01 2564.00 1064.00 16908.00 -651.00 8273.00 3675.00 

388 0.01 1868.00 3540.00 17792.00 32767.00 4043.00 -10219.00 

389 0.01 648.00 11232.00 11928.00 32767.00 14537.00 -6391.00 

390 0.01 -3216.00 11320.00 14748.00 20200.00 11451.00 -2363.00 

391 0.01 -3216.00 13548.00 6880.00 16280.00 7627.00 -812.00 

392 0.01 -2488.00 15100.00 4576.00 2447.00 2033.00 -873.00 

393 0.01 -3440.00 14812.00 6932.00 -9738.00 -10.00 -867.00 

394 0.01 -2408.00 14516.00 7712.00 -32768.00 -6980.00 4061.00 

395 0.01 -1392.00 8600.00 13436.00 -32768.00 -7366.00 2169.00 

396 0.01 -572.00 3252.00 15956.00 -32768.00 -4938.00 -3621.00 

397 0.01 696.00 -3908.00 15056.00 -32768.00 -6947.00 5295.00 

398 0.01 4224.00 -9744.00 14452.00 -21550.00 -1118.00 6284.00 

399 0.01 2084.00 -10476.00 12312.00 -14253.00 9502.00 4172.00 

400 0.01 -968.00 -11928.00 10772.00 -9851.00 4907.00 803.00 

401 0.01 -2436.00 -17360.00 11148.00 -7992.00 11496.00 -3205.00 

402 0.01 -704.00 -13812.00 9636.00 1776.00 -735.00 283.00 

403 0.01 -2080.00 -13388.00 10480.00 -543.00 -469.00 -386.00 

404 0.01 -60.00 -14148.00 9548.00 3153.00 1272.00 289.00 

405 0.01 -556.00 -17404.00 13756.00 20633.00 3770.00 -2636.00 

406 0.01 -264.00 -8576.00 13304.00 32767.00 6739.00 490.00 

407 0.01 -1324.00 -2056.00 14192.00 32767.00 4403.00 5597.00 

408 0.01 -2788.00 1180.00 17784.00 25006.00 2384.00 3804.00 

409 0.01 -2204.00 6908.00 14100.00 26886.00 3998.00 2978.00 

410 0.01 -2688.00 8620.00 13636.00 25364.00 4654.00 4268.00 

411 0.01 -2868.00 12168.00 10240.00 18258.00 5648.00 4149.00 

412 0.01 -2996.00 13400.00 8912.00 16786.00 5560.00 4553.00 

413 0.01 -2672.00 15528.00 7044.00 7997.00 3023.00 2624.00 

414 0.01 -2880.00 14724.00 6500.00 -6332.00 863.00 -1264.00 

415 0.01 -2660.00 15072.00 6520.00 -17569.00 -2427.00 -3914.00 

416 0.01 -4032.00 11264.00 12188.00 -26656.00 -3673.00 -4787.00 

417 0.01 -3000.00 7896.00 14244.00 -25419.00 -4463.00 -4968.00 

418 0.01 -2792.00 4232.00 16468.00 -23867.00 -3232.00 -4988.00 

419 0.01 -2556.00 -880.00 16212.00 -24532.00 -2122.00 -4240.00 

420 0.01 -1996.00 -4296.00 16612.00 -24248.00 -1004.00 -3617.00 

421 0.01 -1348.00 -9176.00 14800.00 -22556.00 -1218.00 -3445.00 

422 0.01 -976.00 -10368.00 11648.00 -20098.00 -912.00 -2974.00 

423 0.01 -1052.00 -12528.00 10460.00 -15503.00 -677.00 -2654.00 

424 0.01 -456.00 -15012.00 9412.00 -14479.00 -806.00 -1856.00 

425 0.01 264.00 -15296.00 5960.00 -11047.00 -492.00 -797.00 

426 0.01 268.00 -15696.00 4756.00 -5089.00 -282.00 -816.00 

427 0.01 1072.00 -16856.00 5656.00 10969.00 1395.00 -1887.00 

428 0.01 -1092.00 -13432.00 8704.00 28765.00 5771.00 2085.00 

429 0.01 -520.00 -11168.00 11684.00 32767.00 6291.00 2545.00 

430 0.01 -2608.00 -6096.00 15448.00 27678.00 5656.00 3853.00 

431 0.01 -3040.00 -3548.00 16872.00 18126.00 3343.00 3856.00 

432 0.01 -4108.00 464.00 16856.00 21481.00 4657.00 5039.00 

433 0.01 -4220.00 3276.00 15780.00 19156.00 4877.00 5645.00 

434 0.01 -4408.00 6508.00 14688.00 12579.00 3719.00 4301.00 

435 0.01 -4856.00 8244.00 14416.00 17786.00 3652.00 6212.00 

436 0.01 -4376.00 10700.00 11376.00 14402.00 3842.00 4141.00 

437 0.01 -4200.00 12120.00 10196.00 19873.00 3916.00 5432.00 

438 0.01 -4404.00 13916.00 8632.00 12510.00 3402.00 3303.00 

439 0.01 -3768.00 14964.00 5988.00 12022.00 3990.00 3468.00 

440 0.01 -3600.00 15284.00 5176.00 3655.00 1866.00 684.00 

441 0.01 -3624.00 15308.00 5244.00 -4200.00 381.00 -938.00 

442 0.01 -4172.00 13884.00 6496.00 -14560.00 -1255.00 -4827.00 

443 0.01 -4200.00 12152.00 8268.00 -26442.00 -5208.00 -9204.00 

444 0.01 -5600.00 10228.00 13596.00 -27275.00 -4839.00 -6255.00 

445 0.01 -4624.00 5648.00 14860.00 -28235.00 -3861.00 -7757.00 

446 0.01 -4268.00 692.00 15700.00 -30733.00 -4875.00 -5788.00 

447 0.01 -3752.00 -4316.00 16968.00 -30510.00 -3112.00 -6980.00 

448 0.01 -2628.00 -10088.00 13412.00 -29426.00 -2520.00 -6732.00 

449 0.01 -1732.00 -12664.00 10012.00 -28472.00 -2253.00 -5309.00 

450 0.01 -804.00 -15452.00 5920.00 -20217.00 -1481.00 -4032.00 

451 0.01 -128.00 -16568.00 3924.00 -13333.00 -680.00 -3090.00 

452 0.01 548.00 -16400.00 2580.00 -1881.00 362.00 134.00 

453 0.01 228.00 -15608.00 2500.00 9596.00 2008.00 2568.00 

454 0.01 -556.00 -15728.00 6840.00 27196.00 3537.00 4522.00 

455 0.01 -2360.00 -12720.00 10640.00 32767.00 6556.00 9053.00 

456 0.01 -3988.00 -5548.00 14892.00 32767.00 6238.00 10607.00 

457 0.01 -4296.00 -1088.00 16056.00 26388.00 3377.00 6830.00 

458 0.01 -5040.00 2820.00 15584.00 28250.00 3637.00 7134.00 

459 0.01 -5336.00 6632.00 14464.00 19654.00 3400.00 5158.00 

460 0.01 -5744.00 9908.00 13184.00 22017.00 4214.00 5580.00 

461 0.01 -4664.00 11700.00 9088.00 22006.00 5196.00 6199.00 

462 0.01 -4016.00 14012.00 6524.00 10399.00 2767.00 2729.00 

463 0.01 -4528.00 14476.00 5900.00 7141.00 1942.00 2133.00 

464 0.01 -4568.00 14720.00 5548.00 2616.00 998.00 829.00 

465 0.01 -4204.00 15388.00 4916.00 -1280.00 616.00 -256.00 

466 0.01 -4532.00 15404.00 5752.00 -7011.00 -897.00 -2317.00 

467 0.01 -4920.00 13488.00 7396.00 -22642.00 -3511.00 -9566.00 

468 0.01 -6300.00 11452.00 12188.00 -32768.00 -6230.00 -12806.00 

469 0.01 -5500.00 4656.00 15404.00 -32768.00 -8453.00 -6848.00 

470 0.01 -4180.00 -2368.00 14372.00 -30709.00 -4642.00 -4602.00 

471 0.01 -3456.00 -6420.00 14544.00 -20069.00 1350.00 -2493.00 

472 0.01 -5136.00 -9648.00 13396.00 -8698.00 7833.00 4176.00 

473 0.01 -6500.00 -9028.00 13780.00 -811.00 9620.00 4407.00 

474 0.01 -5928.00 -8076.00 12280.00 2556.00 13039.00 4935.00 

475 0.01 -7916.00 -7376.00 9136.00 3905.00 9943.00 5428.00 

476 0.01 -11364.00 -6376.00 8880.00 8104.00 20302.00 8455.00 

477 0.01 -14232.00 -4836.00 10384.00 6505.00 6217.00 9257.00 

478 0.01 -13780.00 -1232.00 8796.00 4486.00 4489.00 5733.00 

479 0.01 -22168.00 -520.00 9780.00 3979.00 25188.00 7122.00 

480 0.01 -14152.00 136.00 4308.00 1612.00 12299.00 3264.00 

481 0.01 -15204.00 -92.00 3400.00 -588.00 10036.00 1652.00 

482 0.01 -15444.00 1392.00 2480.00 -1238.00 9507.00 -425.00 

483 0.01 -16660.00 -1412.00 372.00 -1453.00 6920.00 -1451.00 

484 0.01 -15408.00 -376.00 -704.00 545.00 7151.00 408.00 

485 0.01 -15624.00 -368.00 -1604.00 54.00 5651.00 -996.00 

486 0.01 -16456.00 -752.00 -3004.00 583.00 1373.00 -1161.00 

487 0.01 -15616.00 -952.00 -3140.00 1021.00 -805.00 -1069.00 

488 0.01 -15684.00 -1148.00 -2224.00 2458.00 -10033.00 -1157.00 

489 0.01 -15476.00 -820.00 1048.00 6017.00 -9545.00 -3654.00 

490 0.01 -11328.00 -288.00 2320.00 7653.00 -18055.00 -1212.00 

491 0.01 -14532.00 -1824.00 6464.00 1098.00 3882.00 -3712.00 

492 0.01 -16056.00 -2052.00 7376.00 -2339.00 -17062.00 360.00 

493 0.01 -10316.00 -3492.00 10036.00 12722.00 -32768.00 6327.00 

494 0.01 -3888.00 552.00 12396.00 6884.00 -16489.00 5326.00 

495 0.01 -14372.00 3304.00 19268.00 2773.00 -17671.00 7422.00 

496 0.01 -5300.00 4620.00 13360.00 79.00 -4413.00 1158.00 

497 0.01 -5892.00 2084.00 15408.00 1741.00 -5078.00 339.00 

498 0.01 -6468.00 3512.00 15652.00 -4410.00 -7293.00 -6485.00 

499 0.01 -3656.00 1256.00 17200.00 -611.00 -12476.00 -356.00 